100
11 5 16 5 0 0
3 1 3 2 2 0
3 1 3 2 1 0
2 1 5 1 1 1
94 1 24 49 0 4
90 1 95 45 0 1
99 1 49 49 0 2
80 15 55 89 33 87
100 1 33 52 0 3
40 1 53 35 2 35
96 1 93 47 0 1
63 1 92 82 4 66
88 7 48 60 0 0
99 1 96 50 0 1
36 41 85 76 28 49
96 1 97 49 0 1
98 1 24 52 0 4
98 1 100 48 0 1
100 1 25 52 0 4
73 7 23 22 7 7
100 1 93 49 0 1
97 1 30 48 0 3
95 1 32 48 0 3
48 1 21 25 1 14
94 1 23 49 0 4
97 1 47 48 0 2
68 1 100 46 3 36
50 1 58 23 3 10
40 1 29 74 1 28
93 1 95 47 0 1
93 1 94 46 0 1
10 1 51 3 1 1
97 1 50 50 0 2
92 1 98 45 0 1
92 1 99 47 0 1
98 1 94 49 0 1
100 1 99 51 0 1
60 1 88 93 4 31
90 1 90 44 0 1
95 1 31 50 0 3
98 1 90 48 0 1
92 1 19 23 0 0
61 1 32 26 3 2
35 1 70 19 4 6
53 9 50 30 12 4
91 1 91 44 0 1
28 5 50 7 0 0
97 1 90 47 0 1
94 1 47 47 0 2
90 1 24 49 0 4
100 1 45 51 0 2
73 1 37 91 4 3
62 1 37 30 3 6
99 1 32 52 0 3
100 1 24 53 0 4
97 1 96 47 0 1
92 1 30 47 0 3
92 1 98 46 0 1
97 1 90 49 0 1
100 1 7 54 1 4
93 1 24 50 0 4
95 4 23 34 0 0
90 1 90 45 0 1
90 1 96 44 0 1
37 1 82 16 4 4
99 2 2 8 0 0
16 8 39 8 1 1
91 1 93 45 0 1
88 1 56 18 4 4
92 1 94 47 0 1
93 1 94 45 0 1
75 1 36 69 1 58
92 1 93 45 0 1
46 11 82 21 4 3
98 1 48 48 0 2
98 1 49 51 0 2
99 1 98 48 0 1
99 1 91 50 0 1
52 1 32 22 1 13
98 1 90 50 0 1
98 1 97 49 0 1
30 1 51 3 3 1
90 1 92 44 0 1
50 1 24 27 1 13
97 1 90 48 0 1
97 1 97 49 0 1
97 1 99 47 0 1
47 1 49 23 2 3
26 1 60 13 3 2
93 1 97 46 0 1
9 2 89 4 9 1
50 1 8 87 2 14
90 1 93 45 0 1
99 1 94 48 0 1
92 1 92 45 0 1
91 1 95 45 0 1
75 3 48 45 1 26
90 1 98 45 0 1
100 1 32 51 0 3
29 34 49 50 5 6
