100
11 5 16 5 0 0
3 1 3 2 2 0
3 1 3 2 1 0
2 1 5 1 1 1
97 1 97 47 0 1
99 1 23 49 0 4
86 13 27 62 3 9
26 9 57 75 1 16
8 1 65 57 3 16
53 10 93 26 1 1
92 1 24 47 0 4
100 1 95 51 0 1
98 1 98 50 0 1
98 1 45 50 0 2
98 1 97 49 0 1
93 1 93 46 0 1
98 1 49 51 0 2
90 1 91 45 0 1
48 1 66 22 3 5
96 1 23 49 0 4
97 1 93 48 0 1
91 1 97 45 0 1
92 1 19 23 0 0
95 1 33 50 0 3
92 1 31 47 0 3
93 2 20 1 3 1
96 1 48 49 0 2
95 1 90 48 0 1
97 1 91 47 0 1
14 3 46 16 8 11
82 1 85 79 3 47
97 1 22 47 0 4
100 1 94 51 0 1
99 1 93 48 0 1
10 1 87 5 1 3
98 1 100 48 0 1
93 1 31 48 0 3
98 1 93 50 0 1
91 1 31 48 0 3
97 1 94 49 0 1
93 1 91 47 0 1
93 1 100 47 0 1
3 1 54 1 1 1
94 1 92 46 0 1
98 58 73 51 4 27
98 1 24 53 0 4
93 1 22 50 0 4
90 1 98 44 0 1
99 1 100 50 0 1
26 1 60 13 3 2
97 1 90 47 0 1
78 1 82 46 4 10
80 1 94 83 4 38
28 5 50 7 0 0
90 1 96 45 0 1
8 1 81 5 3 2
90 1 32 44 0 3
100 1 91 50 0 1
96 1 46 49 0 2
93 1 97 45 0 1
93 1 22 45 0 4
93 1 90 45 0 1
95 1 45 49 0 2
56 2 18 22 1 2
59 1 99 51 2 16
96 1 93 48 0 1
100 1 99 49 0 1
36 41 85 76 28 49
85 1 37 10 1 4
93 1 30 45 0 3
80 15 55 89 33 87
94 1 91 47 0 1
95 1 92 46 0 1
66 1 77 10 1 7
99 2 2 8 0 0
37 1 57 24 1 6
100 1 91 51 0 1
94 1 90 47 0 1
90 1 30 44 0 3
82 33 71 86 1 1
96 1 90 47 0 1
42 15 69 47 10 3
91 1 92 45 0 1
98 1 95 50 0 1
92 1 94 46 0 1
99 1 96 49 0 1
88 7 48 60 0 0
100 1 67 35 1 2
93 1 45 45 0 2
12 1 26 8 1 7
92 1 98 47 0 1
95 4 23 34 0 0
95 1 93 46 0 1
49 1 28 24 1 3
100 1 46 52 0 2
42 1 76 24 3 14
97 1 99 49 0 1
34 1 52 13 2 4
58 1 40 32 3 3
91 1 65 36 3 3
