100
30 16423
26 55
3 69
173 63
40 141
21 126
76 108
57 145
107 36
234 192
164 48
26 4
143 157
163 35
60 216
189 111
221 193
92 194
108 163
142 143
32 12
84 118
203 4
174 238
16 135
139 138
62 142
24 101
159 14
246 231
181 194
85 66027
234 160
208 107
211 134
27 234
130 173
239 79
90 246
50 45
51 84
66 168
60 148
90 119
18 100
247 146
193 75
167 158
153 24
180 200
225 220
129 84
63 133
121 65
55 170
179 31
86 234
112 72
211 88
215 132
165 112
3 14
45 135
99 85
99 15
83 23
172 85
104 65
32 25
8 48
2 141
44 169
30 27
214 110
96 62
160 191
165 242
22 80
242 87
217 109
59 128
22 83
24 75
153 152
19 51
41 118
173 227
193 39
204 69
134 29
45 24
42 140
164 132
161 189
137 237
39 77
192 107
213 20
104 184
131 185
22 209
135 54
228 94
238 75
215 185
73 196
43 72
113 123
61 221
56 15
146 248
202 105
100 119
13 169
68 161
77 77
208 192
62 61368
166 49
197 46
89 220
81 111
99 10
158 240
75 24
189 186
33 40
203 247
199 45
194 203
32 229
204 87
18 32
162 166
115 90
235 27
191 215
46 174
20 6
224 205
237 160
149 73
170 192
31 71
70 238
228 61
205 108
60 49
21 9
226 169
19 226
198 174
108 120
80 132
60 135
228 50
161 77
244 216
111 76
183 186
206 61
156 202
203 223
154 64
10 36
46 76
11 142
192 219
218 102
238 51
183 23
151 210
5 58
59 99
243 110
108 115
40 105
136 245
56 179
3 194
52 50687
194 73
107 124
179 127
120 186
38 30
29 207
193 134
94 230
89 45
211 234
90 237
103 167
57 85
127 88
236 190
73 15
178 234
243 108
95 75
203 165
91 123
121 65
85 168
49 160
52 87
200 249
130 162
233 113
132 99
158 89
124 131
46 32
214 217
190 204
133 87
225 81
250 34
203 162
250 102
175 244
110 1
62 180
135 236
12 51
235 178
7 16
223 35
77 229
144 49
164 18
173 150
31 209
34 30279
227 84
121 246
237 86
116 243
93 64
24 66
193 154
30 136
207 191
132 222
231 197
73 151
155 96
246 125
30 93
96 90
222 233
7 174
173 27
74 22
231 98
238 83
2 70
154 6
232 96
22 79
154 61
213 95
248 156
115 148
163 64
106 70
62 45
172 246
12 11098
182 94
3 74
167 130
63 241
17 74
32 99
224 153
52 180
176 55
81 54
93 121
228 249
14 14557
171 190
171 197
69 244
124 183
8 68
134 119
102 12
127 26
153 246
241 232
151 42
30 188
126 120
203 51
11 11918
179 13
108 86
119 102
100 186
108 167
191 58
138 238
150 207
180 103
122 189
227 61
62 46700
207 163
164 55
105 61
240 75
108 137
155 125
89 49
72 161
200 120
84 209
62 110
132 21
164 52
69 124
227 82
116 85
128 218
139 70
248 13
36 193
244 91
248 111
50 116
208 132
235 127
73 128
79 206
227 245
77 147
68 33
32 186
150 62
27 161
149 65
188 18
109 96
96 133
76 68
164 125
86 131
13 183
72 107
192 158
195 22
142 62
226 166
213 204
31 89
186 52
113 67
247 19
125 224
76 167
99 103
82 66
19 82
134 221
238 47
155 132
107 197
85 242
211 245
84 61272
133 108
221 84
131 80
215 188
227 4
166 96
29 51
156 205
250 14
92 190
245 94
135 153
190 181
84 193
113 241
75 61
216 48
182 38
29 49
160 43
42 109
36 62
174 206
134 231
189 15
95 52
125 128
51 26
86 205
209 20
215 184
37 191
66 240
67 238
67 64
123 237
151 146
80 178
205 197
188 178
31 30
42 99
245 210
107 168
22 114
28 231
209 101
208 194
29 73
17 34
72 92
26 139
9 245
163 115
224 107
14 161
89 107
149 250
91 228
160 235
189 229
92 24
137 18
249 161
136 2
52 131
198 203
67 111
104 17
199 59
117 12
15 87
186 19
202 133
187 37
60 175
237 45
45 120
192 14
11 111
221 133
238 95
85 115
218 226
63 47557
150 44
143 193
69 236
248 202
127 164
219 33
191 245
127 79
159 161
126 211
205 219
84 78
227 58
136 30
10 218
20 110
146 150
124 44
157 169
43 211
182 88
96 98
4 224
210 64
244 190
7 44
83 191
192 152
95 109
137 54
139 193
172 191
11 164
166 213
250 6
53 135
217 109
119 108
248 186
235 53
146 185
73 56
142 13
186 146
191 11
162 147
44 99
208 147
105 29
28 200
90 26
23 153
101 29
137 169
135 229
212 8
249 186
155 55
33 46
218 223
141 222
200 157
98 74
32 19829
82 83
216 107
36 178
27 172
28 178
204 165
101 103
245 192
120 41
227 233
59 41
129 53
169 242
87 134
96 98
237 50
249 244
234 32
158 91
195 217
138 62
128 44
78 222
214 121
229 10
239 66
57 5
190 77
7 202
93 80
35 173
92 59
96 54560
71 141
28 82
140 61
246 181
219 45
91 134
90 146
236 61
22 34
28 232
62 193
229 95
177 36
43 1
22 243
17 4
65 236
39 135
37 97
213 176
238 76
81 122
29 91
11 192
124 29
160 98
120 179
230 133
239 146
13 152
79 99
247 243
226 11
142 24
167 200
115 115
236 98
236 223
221 101
78 37
70 231
196 98
246 196
180 52
141 149
127 27
126 60
215 155
39 248
125 141
107 137
201 126
34 23
38 49
201 21
180 100
206 163
73 18
48 164
104 103
180 123
181 46
138 215
135 198
104 7
69 93
237 115
103 30
116 200
54 108
74 78
89 237
212 24
231 191
135 35
155 176
24 41
151 2
23 157
226 211
25 32
123 186
83 118
81 91
102 103
156 82
105 129
63 134
50 2
193 134
22 114
124 121
155 119
178 126
62 171
32 91
90 61999
68 223
196 147
176 237
176 157
189 53
14 227
48 108
86 198
1 75
40 250
7 89
72 148
122 22
82 153
32 196
90 47
205 165
51 44
92 9
108 171
212 139
130 217
6 159
239 207
76 65
130 70
131 135
47 115
181 72
203 170
200 18
18 80
33 182
89 56
136 184
175 93
119 227
76 2
116 21
208 85
86 62
96 23
198 41
104 84
63 197
150 113
45 205
169 197
82 168
125 55
243 86
218 48
77 65
192 33
188 131
129 189
49 125
115 226
169 29
87 43
134 134
204 211
30 194
69 211
107 66
1 84
12 97
56 133
55 52
35 81
82 143
105 199
82 111
246 18
219 117
2 154
241 93
163 218
205 112
201 194
233 141
212 54
156 64
153 78
22 87
90 65
172 55
121 99
79 130
223 21
56 41748
116 57
106 115
182 150
154 237
48 37
145 1
63 84
131 74
109 55
113 14
28 218
4 1
26 121
147 78
237 144
171 71
158 40
248 199
198 78
242 7
68 125
50 47
60 181
90 111
10 125
195 228
155 227
29 75
200 67
170 6
236 11
81 110
78 115
166 205
66 67
2 201
33 220
129 212
220 62
135 15
135 119
48 26
188 90
209 239
201 159
127 159
225 169
42 113
178 144
105 200
118 116
196 142
107 228
46 88
236 168
12 51
99 75172
7 26
75 238
188 171
129 221
89 23
63 134
190 191
92 187
52 202
14 122
91 170
128 57
18 111
200 24
215 77
235 75
209 218
147 62
218 64
179 119
218 99
46 53
72 221
168 243
173 9
194 206
194 183
73 3
126 242
161 189
54 145
153 149
153 237
217 73
23 13
109 109
149 89
134 152
199 99
127 59
173 212
81 89
203 137
203 42
94 186
20 144
60 230
101 124
130 27
149 221
225 59
157 127
227 58
193 133
105 151
211 153
124 120
223 193
65 129
222 2
14 121
159 188
145 29
91 148
94 23
225 213
70 39
104 135
15 243
225 1
5 225
108 218
164 48
104 230
56 102
50 224
173 160
229 49
79 246
228 154
66 164
63 119
241 158
194 123
162 68
70 138
25 222
71 224
127 170
235 97
177 246
207 15
197 175
7 63
206 233
116 54
71 230
29 140
200 236
5 2260
200 132
20 196
72 63
100 32
143 148
18 18429
93 189
121 187
83 7
133 139
8 178
35 169
118 224
239 67
97 146
172 119
104 245
44 208
86 248
246 166
205 61
115 10
123 102
138 241
75 48837
130 105
250 42
142 147
162 206
55 41
161 84
151 90
104 181
107 113
214 239
249 149
209 110
216 117
43 223
59 137
204 89
165 110
100 114
91 106
238 29
245 111
168 108
172 18
80 137
65 215
223 107
155 175
84 193
160 232
56 36
191 192
106 247
64 13
4 132
84 190
208 42
63 241
179 121
56 48
228 196
129 20
161 188
185 120
167 181
17 101
178 250
150 100
163 94
236 58
36 236
219 187
221 119
131 109
53 87
219 229
220 113
99 11
60 142
63 84
28 121
68 177
27 162
198 194
218 69
166 10
130 11
45 191
164 174
186 176
55 59
107 165
247 100
50 32
171 4
95 211
59 43959
149 97
241 168
179 196
154 100
84 159
165 164
149 10
198 54
199 18
12 20
35 183
181 225
221 83
184 107
181 151
22 109
102 48
248 214
86 214
124 144
167 188
29 133
102 62
86 102
38 151
212 220
135 196
147 167
75 167
176 207
99 198
11 18
207 75
247 1
119 208
209 133
186 62
149 116
90 27
198 102
4 6
181 179
49 166
154 233
226 178
243 240
186 60
172 209
31 17
66 177
88 34
1 114
8 236
188 17
206 237
155 109
181 47
66 135
129 179
36 29935
42 223
57 61
93 167
246 84
23 33
221 13
206 222
185 66
150 231
227 189
167 62
58 152
88 207
232 117
137 3
98 232
247 218
184 188
34 214
10 145
2 16
46 248
161 56
16 155
106 166
147 23
247 202
4 61
206 190
236 51
249 14
52 113
20 164
79 8
53 125
242 77
43 31977
177 204
245 230
18 44
100 76
236 43
54 160
228 176
250 62
66 139
3 23
73 212
33 9
181 150
198 215
25 59
10 53
15 209
160 204
216 177
25 75
29 51
183 208
52 94
26 244
143 95
228 139
103 69
77 26
78 70
3 222
158 168
205 171
38 55
173 44
240 152
170 14
150 12
48 27
139 28
119 154
243 175
235 12
8 153
38 34863
4 90
25 237
201 128
3 217
128 203
45 249
171 85
108 177
235 101
227 157
212 198
130 48
4 75
189 139
189 103
157 164
79 210
148 146
137 45
185 198
129 243
129 123
243 134
238 171
69 52
32 117
190 217
41 11
250 76
219 161
150 211
237 141
59 83
136 76
12 186
106 28
33 25
125 133
55 31182
34 8
146 93
199 99
208 26
211 238
201 62
6 242
239 82
210 238
155 147
112 166
186 96
156 8
76 7
102 57
227 219
147 227
47 188
53 86
141 139
177 26
57 165
127 243
209 194
75 88
87 68
210 6
230 207
224 216
155 233
39 124
56 171
168 222
189 140
140 143
242 242
31 108
95 154
247 212
229 120
1 50
69 154
192 246
17 193
11 47
232 55
224 30
100 175
245 86
243 78
130 56
125 180
220 234
63 247
41 127
11 5265
15 71
233 223
163 42
9 110
133 187
247 162
25 118
53 127
194 177
22 4
142 25
24 18925
221 7
77 250
73 221
21 135
223 239
219 45
37 75
155 164
1 224
44 236
127 23
181 1
90 250
84 86
249 98
167 64
212 205
74 91
123 136
31 182
30 161
168 181
196 126
114 211
39 33340
199 213
221 17
105 41
137 56
68 52
185 99
7 176
98 225
100 28
180 103
132 171
15 87
34 95
111 200
155 142
94 247
243 180
82 246
241 159
167 110
32 85
241 159
210 179
82 147
74 177
170 94
119 215
118 130
131 83
212 72
173 210
120 149
206 35
177 96
140 176
76 23
76 120
134 123
185 204
64 36050
168 95
202 209
250 66
12 110
111 204
193 224
133 107
15 4
112 50
227 171
230 153
122 150
124 35
219 85
81 10
155 166
131 30
248 138
219 85
174 228
80 176
37 17
186 65
176 107
157 88
207 119
30 134
43 118
133 49
14 86
187 59
141 54
76 50
208 241
171 154
142 174
33 91
190 176
54 224
240 71
83 146
21 146
83 117
249 207
69 70
109 21
128 35
102 112
237 211
230 64
224 80
221 71
100 185
56 243
102 100
127 134
78 160
241 230
83 250
204 197
51 32
124 54
31 135
186 87
50 38256
236 30
49 212
180 217
127 182
40 29
149 247
111 168
223 90
6 49
27 81
40 103
164 202
122 204
98 34
24 52
99 170
203 153
85 70
1 207
42 82
208 14
153 158
53 148
138 149
52 232
134 108
37 51
199 170
193 189
144 137
165 172
177 91
126 84
152 29
43 190
209 134
50 187
218 96
238 140
79 250
234 114
217 180
159 235
207 187
171 76
32 204
79 232
91 200
225 129
245 117
31 31487
48 248
54 4
109 233
89 45
79 7
174 217
1 71
38 202
118 185
115 155
82 155
193 139
76 217
8 2
237 178
109 43
60 48
241 42
220 219
111 95
225 10
94 78
210 194
220 226
141 146
51 227
239 151
238 196
177 44
17 188
197 221
7 3882
11 2
199 25
30 250
212 141
103 188
67 63
49 112
76 67206
128 117
17 120
197 105
54 212
114 112
168 51
234 17
129 108
215 105
144 87
64 106
174 103
76 111
131 123
84 41
174 239
1 1
237 124
27 177
2 12
142 42
142 210
197 163
30 120
190 88
73 224
146 217
194 134
98 131
192 88
235 216
51 8
116 6
150 191
183 133
1 99
211 42
23 44
95 37
90 202
148 221
230 24
9 78
147 7
219 37
46 149
131 229
172 151
72 38
139 13
155 250
163 12
182 82
212 67
40 5
220 32
174 141
35 29
244 39
220 75
22 176
67 178
141 143
176 32
121 108
155 22
82 177
155 235
143 115
53 43
99 178
187 229
132 248
123 79
96 213
134 203
48 32496
70 195
97 27
216 104
115 164
128 146
32 208
102 47
119 67
158 216
11 135
153 140
92 194
132 140
68 87
115 242
163 15
66 62
34 109
221 180
248 105
187 99
140 94
227 90
137 2
194 72
184 211
67 168
14 6
110 226
11 169
126 179
159 182
161 181
215 201
57 199
100 123
167 96
102 110
84 205
205 187
155 123
83 180
52 23
142 210
24 230
22 32
180 43
166 199
12 8974
137 212
156 36
22 202
164 113
236 246
105 2
15 25
105 233
22 120
126 204
43 13
184 216
34 18831
73 13
219 22
96 205
205 5
74 11
59 57
148 55
103 168
70 90
18 226
110 242
229 112
224 16
121 122
18 119
109 3
198 164
148 104
246 96
10 198
6 212
229 55
202 158
129 13
80 250
150 96
182 152
222 18
17 216
220 138
115 95
7 133
120 135
42 156
64 41341
142 182
84 164
89 88
170 136
1 214
143 9
95 135
218 204
159 159
58 133
146 46
119 101
199 194
49 2
193 212
94 207
142 109
3 226
100 244
98 194
105 245
23 60
209 136
151 169
91 206
241 212
247 3
84 99
228 130
54 160
185 80
106 76
173 148
1 33
234 240
84 42
152 213
247 82
246 134
183 25
156 129
184 118
40 239
89 96
146 134
138 31
176 101
55 35
116 170
225 99
176 134
90 168
137 248
136 110
226 29
158 53
203 53
124 30
105 68
165 39
249 129
157 16
105 137
125 120
7 4090
78 33
17 13
249 36
168 107
127 55
115 3
38 23
34 32590
236 143
36 26
125 246
40 130
182 111
52 61
172 74
215 17
54 120
109 159
165 47
20 219
87 60
100 187
33 78
83 135
117 140
37 1
248 128
166 51
30 51
228 37
11 237
90 203
238 137
188 176
162 236
66 148
204 230
115 106
38 142
234 203
40 240
44 103
92 66255
179 56
117 37
250 1
105 116
218 210
201 110
210 115
185 115
9 246
115 178
18 8
62 150
60 88
169 236
187 98
31 6
169 146
184 48
223 126
193 98
64 232
126 61
81 60
177 22
88 118
39 206
74 63
70 204
150 180
207 7
222 29
159 46
114 131
58 56
232 135
9 139
35 78
249 109
24 228
132 239
20 83
118 93
228 119
118 66
123 134
143 103
210 172
227 215
15 210
175 97
197 170
84 171
47 53
193 245
197 28
215 244
186 191
126 231
88 99
158 160
20 147
91 79
217 207
145 96
141 24
184 10
161 229
103 118
63 165
137 170
96 207
105 176
190 109
84 205
13 72
64 18
146 45
14 85
47 33
233 9
156 113
220 236
50 71
176 24
248 166
53 7
127 200
7 10
19 171
140 125
39 230
249 198
19 15382
207 108
117 100
107 108
116 4
166 21
244 200
82 95
217 201
232 121
85 40
187 174
214 184
14 8
212 101
204 172
18 243
110 226
3 136
102 15
45 40260
217 245
27 206
178 215
63 225
239 165
216 45
181 15
161 87
198 100
27 146
104 140
147 178
166 156
120 226
138 87
226 181
137 149
72 36
205 116
198 62
148 133
243 137
171 206
179 198
21 71
162 93
165 94
244 53
232 69
42 5
1 58
126 16
28 224
15 121
191 12
147 121
104 51
209 126
178 103
26 150
30 110
13 182
247 120
55 144
118 200
66 54977
226 221
27 175
139 217
130 133
32 10
145 30
26 206
53 176
196 91
12 227
130 89
238 74
122 165
212 68
31 118
93 120
145 46
133 233
75 202
221 6
74 118
187 166
82 218
184 109
67 130
187 71
127 98
133 2
84 195
48 37
156 50
39 33
149 18
199 30
61 40
222 81
82 75
90 170
45 114
242 193
206 202
57 168
202 199
84 204
158 21
197 171
41 59
129 69
238 73
187 69
101 35
24 153
241 7
193 72
78 126
28 159
77 143
145 154
28 18
249 216
29 159
40 119
247 128
118 144
60 111
48 208
66 48171
51 123
206 19
181 160
115 109
92 197
156 167
139 225
12 138
9 185
156 48
70 92
183 200
90 148
80 32
213 107
137 207
201 62
97 183
92 195
49 67
200 61
247 64
14 32
140 5
98 78
249 178
29 245
49 216
83 68
172 180
182 87
58 189
66 21
167 115
203 110
219 53
172 172
245 152
109 12
192 47
58 91
188 152
20 144
82 119
78 246
176 85
16 209
242 39
196 20
73 86
43 237
214 90
27 171
89 107
9 30
8 233
77 30
161 175
215 159
163 5
95 72
98 31
56 20
206 16
31 95
181 130
1 764
129 95
82 63687
156 225
249 18
84 198
182 136
237 13
190 151
187 179
78 117
178 106
19 14
193 117
111 186
123 176
121 74
72 191
236 197
38 180
221 32
153 247
45 179
7 92
237 131
49 117
121 200
223 42
112 209
173 195
127 205
225 100
206 131
175 113
230 148
2 30
36 234
64 124
22 89
156 200
76 70
163 144
162 49
24 231
24 82
49 81
61 236
237 118
95 181
223 160
187 52
11 219
63 67
29 54
55 161
172 151
90 130
129 188
223 146
220 21
242 242
20 170
9 115
56 28
100 86
231 129
118 22
243 21
163 90
21 126
220 214
165 87
29 235
40 126
128 150
185 15
122 84
222 225
194 135
78 130
131 77
68 55
123 12
188 82
85 160
79 54983
174 198
33 140
228 180
233 53
236 239
145 69
13 242
138 79
183 60
248 245
55 6
110 81
47 236
65 7
235 66
247 69
116 61
233 197
142 13
129 78
95 93
240 62
182 196
203 111
10 108
96 157
206 29
164 226
75 205
65 96
36 76
19 20
178 181
5 249
200 67
31 159
183 111
172 64
159 133
1 223
78 170
124 173
199 40
237 202
142 105
215 12
70 236
195 25
237 33
155 36
119 113
47 108
115 28
9 12
81 38
19 142
59 171
57 137
141 235
179 2
147 182
44 124
55 56
34 249
110 2
68 181
139 209
59 130
218 2
115 206
122 201
150 8
12 25
123 215
109 216
151 66
160 58
57 150
11 121
81 50553
125 146
106 129
85 22
204 98
38 111
133 242
130 82
188 154
135 38
28 200
122 186
236 45
38 135
93 95
212 140
63 80
203 171
31 58
218 244
18 246
30 202
105 174
166 246
82 76
33 104
164 2
176 42
13 103
51 105
84 148
159 212
48 169
39 176
248 67
137 190
205 200
42 79
93 71
119 212
135 69
155 84
176 106
120 174
142 117
249 150
110 95
168 71
210 189
249 70
185 20
113 225
171 191
4 125
112 140
53 70
203 226
53 151
134 237
197 96
34 12
32 100
248 164
6 73
240 192
225 239
48 109
76 87
167 132
235 109
166 45
166 217
237 48
225 109
186 29
38 244
154 153
94 41
172 223
148 193
173 122
205 181
48 46319
233 232
176 152
149 234
3 6
180 194
38 69
18 214
169 31
158 44
104 153
238 177
195 74
238 162
75 226
127 126
123 227
79 71
89 183
163 69
214 126
144 13
4 179
187 187
181 162
99 212
33 7
116 178
205 43
69 231
169 132
244 185
247 226
161 91
110 92
232 185
5 248
71 176
218 23
178 230
222 30
146 213
143 234
172 41
114 8
8 4
86 89
186 239
72 13
60 31076
142 43
19 101
220 222
49 78
205 108
168 215
11 25
124 152
237 197
132 202
125 132
246 219
86 55
23 204
60 12
10 215
20 129
189 184
176 14
54 158
112 54
216 88
82 11
120 179
158 125
125 87
114 232
202 231
12 193
183 16
100 157
228 30
226 46
42 193
147 128
58 86
175 139
44 211
3 150
41 132
148 175
173 71
17 6
39 249
95 89
115 72
5 14
87 42
17 31
79 100
133 201
12 51
185 74
103 140
49 233
42 23
77 84
200 247
236 91
84 233
2 1781
7 234
185 133
66 36193
24 5
148 142
101 81
125 168
57 6
131 156
80 61
244 128
238 157
206 13
167 229
27 127
233 231
102 66
4 132
120 2
219 165
19 189
169 235
145 107
57 174
1 89
126 220
117 179
223 227
113 203
53 17
101 74
216 211
221 208
104 47
176 125
139 184
196 207
67 53
48 126
148 38
56 127
25 137
213 39
80 208
241 30
11 123
199 95
122 183
31 136
20 165
59 91
53 221
162 205
245 14
1 138
135 1
235 132
238 131
106 132
60 237
186 54
17 164
242 219
62 72
63 132
98 92
85 216
219 121
153 128
4 2270
2 70
2 205
226 37
175 208
21 21017
126 189
31 85
29 212
244 62
235 119
87 170
178 23
211 97
232 241
162 128
228 9
192 56
104 93
128 153
188 221
44 35
216 119
224 44
221 125
16 20
201 153
90 86151
15 78
88 249
221 12
32 225
213 41
34 147
208 215
131 6
76 8
10 230
7 233
167 28
89 191
104 54
149 115
64 100
159 66
126 55
183 15
176 8
218 94
172 19
130 156
201 165
99 129
16 121
44 66
139 115
234 240
100 79
106 133
209 172
240 171
34 123
218 211
133 79
31 194
213 64
221 29
236 84
33 82
121 80
223 22
180 169
104 42
206 117
224 185
73 186
248 137
215 53
43 130
149 166
152 69
22 240
116 15
130 217
149 67
62 114
165 202
245 57
229 153
75 44
8 190
177 211
178 234
182 60
223 97
153 54
188 155
154 39
108 233
58 239
49 172
216 108
223 217
129 61
202 149
141 144
187 148
83 151
108 17
242 211
14 242
147 16
63 50
146 167
143 54
164 106
83 136
23 150
16 9833
162 34
97 180
113 205
109 227
66 36
4 91
156 69
35 134
53 170
31 78
243 94
204 235
26 7
104 250
10 62
27 218
8 5620
209 76
3 99
85 225
199 137
51 155
185 2
190 205
212 40
43 25712
86 66
250 63
116 68
28 91
118 121
40 32
180 161
104 202
79 69
210 129
237 219
165 96
243 42
82 180
146 83
225 86
129 87
193 59
144 45
109 168
231 190
223 25
30 178
98 54
11 174
87 83
141 68
132 230
237 62
228 117
224 181
179 139
191 68
145 238
203 8
30 29
222 125
203 25
140 55
214 1
242 26
115 101
115 156
33 27228
86 58
143 62
187 238
221 3
141 79
233 153
125 223
15 128
229 1
211 23
178 169
241 33
66 241
78 22
138 85
103 155
105 45
102 126
179 149
106 64
211 83
55 160
10 175
144 121
212 170
86 155
134 135
138 29
162 245
176 25
250 52
229 149
247 156
8 5805
184 225
89 91
238 187
149 84
68 43
144 54
46 31
131 108
69 55747
36 157
45 120
174 131
135 72
175 228
230 49
155 189
75 236
63 214
246 29
27 115
63 106
189 94
172 15
248 116
44 3
232 176
18 18
115 113
206 3
80 68
119 47
250 108
114 58
148 194
1 175
5 100
229 52
119 137
12 72
38 154
57 235
87 183
193 218
136 198
53 125
6 202
161 194
25 14
167 44
72 164
146 102
144 153
205 232
20 172
70 240
99 134
21 60
157 2
223 144
158 177
217 127
16 26
125 69
77 208
212 102
37 208
178 49
66 7
121 147
24 73
98 74
90 219
194 171
196 175
129 25
77 195
35 204
28 206
23 14993
170 48
179 181
176 236
95 45
95 127
101 50
164 87
75 213
100 7
211 222
15 90
220 226
75 219
238 114
54 188
6 40
87 104
64 81
222 4
227 198
32 164
197 6
11 198
47 46757
59 77
155 193
178 207
73 165
187 19
179 223
113 1
70 12
165 179
180 64
44 78
202 146
134 83
149 96
203 100
115 139
19 68
198 105
74 246
35 243
181 82
186 229
111 167
39 116
77 10
105 85
128 208
95 228
39 13
198 15
220 195
158 28
140 203
39 232
179 81
173 75
67 94
196 27
128 221
138 95
63 212
227 231
32 212
85 67
200 27
138 248
138 83
98 59111
216 249
158 164
35 183
189 121
119 100
61 44
244 17
150 173
86 229
108 36
134 215
96 127
60 72
243 76
179 244
27 21
186 181
198 70
57 49
2 81
34 136
29 6
176 1
137 245
161 192
6 30
154 40
48 228
124 125
147 177
56 8
83 174
159 226
223 15
241 93
25 28
171 181
156 103
14 21
54 203
90 34
48 234
25 35
199 124
38 35
104 118
146 69
139 228
246 213
172 121
25 162
72 101
229 188
138 4
120 202
198 218
130 150
112 48
23 161
194 7
116 9
238 109
64 119
13 155
95 247
214 32
143 207
52 118
168 186
120 142
61 214
106 113
168 79
212 101
62 36
190 175
108 228
80 170
70 57
40 218
125 52
49 181
219 62
101 51
247 103
88 49
57 150
237 222
70 164
158 29
193 49
167 5
135 51
156 172
78 190
152 7
85 169
35 204
42 34563
41 105
85 175
172 181
84 42
1 238
185 49
46 42
110 166
137 151
101 248
138 198
176 228
224 141
42 138
193 202
111 13
92 159
14 107
154 42
167 196
189 231
52 114
228 179
74 154
101 10
124 188
65 172
31 114
3 37
154 142
222 108
118 83
46 35
215 228
204 207
190 17
211 225
222 100
177 112
79 11
15 149
249 137
56 53871
190 81
127 59
117 55
82 107
189 162
240 58
145 209
147 113
145 235
223 129
3 74
21 6
53 105
30 46
135 118
175 163
150 241
151 86
151 180
162 192
58 55
70 175
146 205
213 142
1 141
5 126
131 172
156 212
235 10
109 52
157 239
149 97
199 93
27 42
7 136
98 236
163 196
229 226
151 80
242 130
150 25
103 43
180 4
114 52
189 224
212 214
246 215
182 206
123 47
141 175
167 176
227 110
25 36
176 217
209 86
234 163
50 38595
206 144
91 213
87 132
59 119
210 170
190 169
118 49
12 75
53 222
213 204
47 93
214 131
210 47
117 48
17 136
149 244
214 67
212 196
196 206
247 217
16 52
20 36
244 249
105 247
87 130
82 136
161 142
58 158
112 191
229 76
195 180
174 95
98 153
151 224
145 211
235 60
241 115
15 129
120 150
80 215
22 19
149 103
74 11
118 91
30 229
143 201
65 179
136 83
207 231
67 209
60 33305
24 8
174 216
33 113
185 236
21 229
8 146
248 80
132 159
80 171
49 240
43 97
69 98
184 24
50 228
51 192
147 57
85 19
232 79
63 151
12 49
193 101
8 112
112 198
55 127
127 168
86 89
26 101
159 23
112 68
198 174
210 126
102 52
161 5
86 58
11 96
42 140
132 99
165 125
158 244
60 104
223 192
46 68
188 85
160 156
151 189
197 231
132 120
29 93
132 99
210 228
248 3
20 218
164 187
112 42
135 2
143 131
122 137
74 199
143 120
185 160
87 84496
244 112
48 222
99 99
238 111
101 234
239 3
206 199
219 93
238 33
20 250
136 237
151 246
89 81
86 52
136 15
219 140
42 125
247 131
192 93
109 210
14 9
250 89
77 81
116 141
111 166
185 37
127 47
59 239
209 195
66 117
184 234
76 43
9 229
215 51
14 51
212 106
45 5
171 51
29 187
177 39
112 13
241 152
114 200
145 71
101 109
98 152
29 233
119 171
64 79
37 235
12 150
46 92
5 206
218 190
102 188
236 237
196 228
230 240
59 165
198 54
74 142
246 160
13 194
124 88
19 159
180 22
157 210
46 146
236 73
109 78
204 16
172 150
245 99
173 217
28 220
215 197
152 179
105 226
143 112
18 35
145 98
121 239
215 1
8 229
49 41
118 240
112 133
88 53376
196 231
119 206
138 156
237 230
95 230
218 227
105 74
128 60
52 18
224 183
109 14
60 114
226 54
195 92
238 185
10 10
85 21
70 144
141 61
56 25
34 57
225 87
190 162
24 10
192 172
49 146
147 51
150 197
205 244
68 35
189 201
25 191
141 47
25 2
203 223
248 222
165 51
59 44
57 88
230 103
166 155
17 152
96 167
187 190
33 191
11 228
162 146
166 39
244 91
21 226
237 159
26 79
205 249
113 151
10 69
116 240
154 73
6 48
80 186
91 51
242 127
103 44
96 50
31 1
169 211
145 148
208 33
150 46
209 125
66 177
169 129
162 65
67 208
8 186
162 110
210 88
38 148
242 16
228 47
228 60
153 221
29 47
212 226
187 211
239 216
18 27
195 29
219 86
19 12348
3 90
15 122
183 207
194 137
196 179
130 96
16 158
52 97
172 107
230 3
63 246
164 12
140 129
158 231
61 193
60 73
45 91
109 119
124 140
3 2302
66 168
189 10
160 131
54 37142
5 164
126 230
108 71
191 1
144 244
72 245
10 28
214 10
96 97
54 85
11 196
197 47
93 94
69 163
246 163
137 247
218 240
59 107
5 71
185 199
141 160
165 158
195 159
48 97
182 101
148 152
71 108
216 122
123 166
224 5
164 44
215 190
238 27
67 120
28 249
225 64
140 54
209 138
125 50
208 214
10 206
131 143
196 66
83 141
99 229
86 250
112 196
244 61
14 112
107 228
229 59
144 236
139 122
96 176
89 57500
247 72
69 231
108 74
58 57
112 63
36 170
48 147
160 125
72 202
10 139
236 173
26 70
203 244
86 85
223 11
173 66
192 72
234 62
209 7
68 23
231 26
207 174
36 195
19 20
228 17
5 174
100 152
133 156
202 111
49 136
62 79
160 2
220 192
144 171
224 177
120 23
63 229
169 144
162 94
191 170
165 30
136 52
239 248
177 46
184 216
2 76
3 248
135 75
13 61
103 197
235 35
30 153
236 143
46 94
134 68
131 109
58 222
223 113
168 36
35 212
102 105
13 212
30 82
74 64
162 25
241 209
13 87
26 22
201 158
204 181
176 36
117 208
150 77
11 200
34 167
37 57
247 64
114 45
7 192
153 167
102 180
44 32
214 67
117 184
90 98
86 71
215 176
35 189
6 212
31 23319
173 80
47 231
98 34
203 6
205 65
78 209
208 157
160 113
136 48
53 95
190 93
31 52
241 144
40 109
223 28
165 21
160 183
63 78
61 84
238 104
148 169
35 202
203 181
212 25
239 147
98 145
80 63
212 155
52 17
19 242
139 129
38 30004
157 20
31 238
33 194
177 102
144 102
17 65
146 127
95 175
155 108
221 36
208 88
154 106
202 48
185 95
105 216
95 69
203 38
96 33
23 224
23 106
69 104
36 193
120 233
219 125
83 183
34 86
29 19
213 17
227 105
107 66
246 194
123 55
204 222
200 53
190 163
57 49
213 174
55 156
43 32811
89 9
114 34
193 63
74 174
2 1
157 162
94 195
90 23
93 247
203 158
239 148
71 54
3 77
212 101
142 249
78 182
147 170
120 198
67 169
182 182
18 91
76 116
163 48
48 11
143 70
115 158
242 146
246 35
20 223
189 75
129 87
216 107
130 78
168 114
90 172
10 122
59 78
217 28
83 143
95 61
153 213
94 134
119 79
89 59111
166 91
200 93
111 98
249 25
47 126
171 60
58 70
23 132
11 1
90 176
41 64
200 211
178 133
244 121
247 211
198 37
42 36
73 195
246 34
222 94
125 118
203 4
156 87
140 37
205 55
7 226
159 15
232 164
13 25
180 248
146 193
81 135
137 236
52 109
82 105
235 164
231 65
15 64
48 43
221 49
153 13
83 81
187 220
86 137
19 170
238 67
64 173
188 83
56 220
135 210
53 55
92 152
39 87
31 249
98 31
67 210
13 241
201 237
153 243
45 78
4 127
164 172
142 210
25 32
175 146
79 230
7 249
206 246
245 15
214 80
216 239
139 30
15 103
21 170
91 174
177 8
109 119
64 22
145 220
213 37
91 65
38 134
209 94
18 111
226 12
177 109
193 154
13 67
221 148
79 47819
13 179
45 185
111 116
236 121
74 176
163 80
65 6
118 84
178 236
28 242
135 125
27 68
18 147
248 43
119 30
52 60
71 9
64 36
8 107
14 235
228 140
214 226
241 28
213 130
142 184
212 155
47 65
168 12
234 134
74 5
59 25
176 93
212 82
125 18
235 104
132 122
18 17
119 153
154 6
217 91
225 154
72 113
193 233
29 194
21 90
212 222
5 122
174 196
212 69
147 201
171 212
155 110
165 230
116 24
181 189
63 50
221 205
51 114
41 194
176 134
65 74
166 75
231 9
17 157
65 59
222 9
53 167
93 159
161 245
230 152
170 120
87 65
176 91
204 107
108 213
49 170
66 98
224 244
101 235
18 15941
206 218
127 5
49 128
118 51
164 102
150 149
114 145
107 10
113 131
101 47
195 55
194 198
15 230
7 225
25 123
107 200
115 229
11 130
68 40960
9 201
39 31
127 144
12 232
209 248
80 79
32 168
222 216
59 103
229 72
13 47
147 202
192 31
126 145
127 26
75 238
16 250
2 24
106 77
108 134
213 205
173 201
87 114
53 81
249 22
243 34
208 170
32 247
122 37
220 142
132 166
226 93
46 71
114 83
196 86
123 195
14 134
41 241
211 90
165 32
80 53
54 176
169 139
7 225
143 37
197 101
116 181
55 100
161 61
47 194
180 52
226 157
108 111
14 145
145 45
112 244
102 240
151 96
117 109
210 109
36 155
213 55
112 131
61 192
60 59
235 161
240 146
238 129
18 9590
65 147
25 205
186 69
115 8
201 239
164 34
218 52
145 249
131 131
243 166
122 212
6 21
83 18
109 176
127 131
99 186
38 185
15 73
34 23677
149 226
59 52
32 69
41 169
194 25
125 84
80 9
60 247
7 209
199 210
204 49
230 208
82 206
169 143
18 121
113 35
161 216
36 213
150 90
108 133
87 191
127 224
96 197
49 114
136 44
213 142
93 60
26 225
200 178
21 173
62 30
14 51
23 242
44 141
42 33250
114 231
131 67
8 115
92 158
249 232
84 13
181 206
65 121
91 29
247 36
53 83
86 179
204 242
125 190
211 201
14 19
190 30
35 77
92 135
152 113
34 228
235 216
65 167
6 215
176 195
128 161
174 177
157 212
135 71
187 187
180 77
169 210
209 161
205 187
35 63
85 172
214 107
57 69
18 27
188 10
98 26
187 215
33 22267
95 58
137 215
69 110
93 194
93 152
53 148
67 97
109 206
70 50
185 137
157 161
113 206
78 140
245 147
158 122
99 148
65 147
222 249
107 121
9 104
165 109
114 120
89 63
209 216
77 100
174 53
23 248
66 156
235 163
226 215
88 161
69 226
98 215
12 8848
232 204
150 175
59 214
169 68
29 167
223 4
166 22
37 87
14 218
5 16
149 99
118 147
11 6367
231 122
151 35
158 209
166 232
4 143
166 21
219 113
142 200
171 176
94 93
14 43
80 58395
54 178
249 6
181 178
91 210
143 37
223 228
234 173
115 27
114 18
205 128
217 149
200 96
198 227
211 63
46 162
215 81
121 237
22 163
170 197
46 10
114 161
195 35
100 136
223 145
13 10
182 18
162 83
119 11
96 13
94 244
40 50
99 47
31 179
189 159
88 143
62 48
177 171
169 134
223 155
28 14
90 233
58 212
16 145
67 202
226 217
210 87
146 107
241 148
164 146
237 27
221 87
229 164
66 136
66 35
154 80
87 210
114 209
200 181
104 96
164 132
224 245
213 167
129 244
121 141
132 48
29 95
104 33
165 184
58 60
220 163
95 250
190 241
90 38
41 95
226 225
117 151
102 131
112 104
12 110
60 84
25 30257
147 71
38 242
213 109
188 193
173 223
195 173
207 177
105 164
186 112
201 215
146 77
224 57
29 51
64 128
209 232
146 202
32 212
130 228
243 202
155 225
159 156
215 166
60 44
181 113
208 203
15 8254
95 163
8 137
210 53
44 67
111 1
213 133
179 150
232 236
47 191
95 208
15 66
188 161
83 74
50 179
2 83
42 37692
38 235
213 213
18 120
106 4
170 7
127 65
169 229
250 82
181 120
178 248
112 105
233 151
211 101
79 118
32 153
244 3
111 223
125 17
130 145
104 36
207 193
38 4
175 37
162 127
185 116
154 129
243 212
160 150
210 105
53 209
75 175
165 34
7 198
33 151
148 164
109 235
174 56
12 26
112 139
59 164
6 157
96 161
65 49676
1 1
226 145
122 12
164 147
42 42
24 97
135 72
154 21
122 226
43 136
37 194
224 233
223 144
232 42
244 6
193 49
107 203
23 37
207 38
232 100
194 13
36 134
249 206
220 70
106 37
112 187
72 244
40 69
90 106
167 126
122 137
52 65
79 21
111 107
5 40
199 105
54 132
129 225
148 56
238 175
162 21
27 160
88 1
241 81
19 195
207 8
69 158
74 75
92 18
181 188
213 176
6 58
145 6
237 83
52 46
222 26
14 174
83 139
111 162
191 6
213 154
174 71
63 62
122 34
149 93
3 1717
161 35
57 27
102 161
26 20373
141 114
7 76
154 49
246 14
7 141
18 63
119 78
145 40
126 125
229 190
166 3
160 42
195 164
240 47
5 136
135 63
31 21
51 86
235 60
26 70
70 152
59 43
224 4
142 32
130 250
232 246
21 16204
137 13
77 189
23 155
188 249
216 148
63 31
201 120
77 184
91 164
198 89
226 184
172 115
48 170
16 165
88 131
158 218
25 48
140 88
115 35
31 124
173 43
3 2835
196 92
182 243
89 54
6 2444
114 74
190 178
10 13
57 132
17 25
238 78
26 21372
102 161
60 216
122 18
16 7
39 98
41 36
230 236
145 188
218 231
138 233
177 244
11 113
28 185
214 94
59 35
159 214
145 20
191 197
225 20
159 211
18 136
77 8
118 72
25 129
41 96
114 115
78 40722
63 117
83 153
72 153
32 210
54 208
236 229
68 42
18 111
165 209
50 191
153 154
77 74
21 43
233 137
165 206
220 116
141 97
220 196
178 101
239 201
244 144
233 204
143 121
198 26
148 185
35 35
207 39
2 205
151 176
26 104
221 125
41 187
69 197
161 137
223 160
134 172
207 171
166 80
221 97
113 236
40 164
222 202
204 132
145 248
39 189
113 23
200 234
222 18
14 84
83 190
176 183
60 23
14 192
120 164
86 49
225 242
71 102
27 162
111 15
199 116
55 195
242 190
226 148
213 50
177 57
1 56
121 154
33 113
26 59
125 130
5 29
79 219
63 236
20 5
156 8
5 34
79 232
223 212
38 27820
62 249
72 68
146 207
31 78
57 6
127 130
55 179
244 230
32 130
234 150
238 59
207 193
151 15
34 208
168 205
184 66
242 208
134 233
8 68
129 186
28 10
66 247
101 98
23 69
55 155
75 126
25 202
181 206
230 183
140 72
83 120
41 80
34 113
200 65
221 79
139 198
90 16
81 25
49 40467
132 130
24 121
176 191
191 191
46 23
111 181
233 207
167 139
25 163
21 193
208 14
155 166
191 3
90 205
65 149
231 187
72 41
206 98
79 107
86 163
129 97
109 185
212 213
87 185
133 34
245 75
40 98
216 249
46 239
100 142
8 181
237 160
65 49
208 159
237 205
35 204
227 224
52 202
51 132
57 52
112 102
183 190
123 54
37 185
244 238
216 4
115 145
182 244
8 213