100
85 30533
2 104
2 104
2 104
2 104
2 104
2 104
2 104
2 104
2 104
2 104
2 104
2 104
2 104
2 104
2 104
2 104
2 104
2 104
2 104
2 104
2 104
2 104
2 104
2 104
2 104
2 104
2 104
2 104
2 104
2 104
2 104
2 104
2 104
2 104
2 104
2 104
2 104
2 104
2 104
2 104
2 104
2 104
2 104
2 104
2 104
2 104
2 104
2 104
2 104
2 104
2 104
2 104
2 104
2 104
2 104
2 104
2 104
2 104
2 104
2 104
2 104
2 104
2 104
2 104
2 104
2 104
2 104
2 104
2 104
2 104
2 104
2 104
2 104
2 104
2 104
2 104
2 104
2 104
2 104
2 104
2 104
2 104
2 104
2 104
2 104
30 16368
138 30
138 30
138 30
138 30
138 30
138 30
138 30
138 30
138 30
138 30
138 30
138 30
138 30
138 30
138 30
138 30
138 30
138 30
138 30
138 30
138 30
138 30
138 30
138 30
138 30
138 30
138 30
138 30
138 30
138 30
38 4468
36 11
36 11
36 11
36 11
36 11
36 11
36 11
36 11
36 11
36 11
36 11
36 11
36 11
36 11
36 11
36 11
36 11
36 11
36 11
36 11
36 11
36 11
36 11
36 11
36 11
36 11
36 11
36 11
36 11
36 11
36 11
36 11
36 11
36 11
36 11
36 11
36 11
36 11
29 28895
41 221
41 221
41 221
41 221
41 221
41 221
41 221
41 221
41 221
41 221
41 221
41 221
41 221
41 221
41 221
41 221
41 221
41 221
41 221
41 221
41 221
41 221
41 221
41 221
41 221
41 221
41 221
41 221
41 221
25 16704
158 156
158 156
158 156
158 156
158 156
158 156
158 156
158 156
158 156
158 156
158 156
158 156
158 156
158 156
158 156
158 156
158 156
158 156
158 156
158 156
158 156
158 156
158 156
158 156
158 156
21 5582
16 97
16 97
16 97
16 97
16 97
16 97
16 97
16 97
16 97
16 97
16 97
16 97
16 97
16 97
16 97
16 97
16 97
16 97
16 97
16 97
16 97
26 28855
240 51
240 51
240 51
240 51
240 51
240 51
240 51
240 51
240 51
240 51
240 51
240 51
240 51
240 51
240 51
240 51
240 51
240 51
240 51
240 51
240 51
240 51
240 51
240 51
240 51
240 51
9 6637
111 105
111 105
111 105
111 105
111 105
111 105
111 105
111 105
111 105
70 55058
95 210
95 210
95 210
95 210
95 210
95 210
95 210
95 210
95 210
95 210
95 210
95 210
95 210
95 210
95 210
95 210
95 210
95 210
95 210
95 210
95 210
95 210
95 210
95 210
95 210
95 210
95 210
95 210
95 210
95 210
95 210
95 210
95 210
95 210
95 210
95 210
95 210
95 210
95 210
95 210
95 210
95 210
95 210
95 210
95 210
95 210
95 210
95 210
95 210
95 210
95 210
95 210
95 210
95 210
95 210
95 210
95 210
95 210
95 210
95 210
95 210
95 210
95 210
95 210
95 210
95 210
95 210
95 210
95 210
95 210
39 42227
161 142
161 142
161 142
161 142
161 142
161 142
161 142
161 142
161 142
161 142
161 142
161 142
161 142
161 142
161 142
161 142
161 142
161 142
161 142
161 142
161 142
161 142
161 142
161 142
161 142
161 142
161 142
161 142
161 142
161 142
161 142
161 142
161 142
161 142
161 142
161 142
161 142
161 142
161 142
54 78951
211 156
211 156
211 156
211 156
211 156
211 156
211 156
211 156
211 156
211 156
211 156
211 156
211 156
211 156
211 156
211 156
211 156
211 156
211 156
211 156
211 156
211 156
211 156
211 156
211 156
211 156
211 156
211 156
211 156
211 156
211 156
211 156
211 156
211 156
211 156
211 156
211 156
211 156
211 156
211 156
211 156
211 156
211 156
211 156
211 156
211 156
211 156
211 156
211 156
211 156
211 156
211 156
211 156
211 156
89 16111
66 18
66 18
66 18
66 18
66 18
66 18
66 18
66 18
66 18
66 18
66 18
66 18
66 18
66 18
66 18
66 18
66 18
66 18
66 18
66 18
66 18
66 18
66 18
66 18
66 18
66 18
66 18
66 18
66 18
66 18
66 18
66 18
66 18
66 18
66 18
66 18
66 18
66 18
66 18
66 18
66 18
66 18
66 18
66 18
66 18
66 18
66 18
66 18
66 18
66 18
66 18
66 18
66 18
66 18
66 18
66 18
66 18
66 18
66 18
66 18
66 18
66 18
66 18
66 18
66 18
66 18
66 18
66 18
66 18
66 18
66 18
66 18
66 18
66 18
66 18
66 18
66 18
66 18
66 18
66 18
66 18
66 18
66 18
66 18
66 18
66 18
66 18
66 18
66 18
77 79953
109 165
109 165
109 165
109 165
109 165
109 165
109 165
109 165
109 165
109 165
109 165
109 165
109 165
109 165
109 165
109 165
109 165
109 165
109 165
109 165
109 165
109 165
109 165
109 165
109 165
109 165
109 165
109 165
109 165
109 165
109 165
109 165
109 165
109 165
109 165
109 165
109 165
109 165
109 165
109 165
109 165
109 165
109 165
109 165
109 165
109 165
109 165
109 165
109 165
109 165
109 165
109 165
109 165
109 165
109 165
109 165
109 165
109 165
109 165
109 165
109 165
109 165
109 165
109 165
109 165
109 165
109 165
109 165
109 165
109 165
109 165
109 165
109 165
109 165
109 165
109 165
109 165
36 47317
163 238
163 238
163 238
163 238
163 238
163 238
163 238
163 238
163 238
163 238
163 238
163 238
163 238
163 238
163 238
163 238
163 238
163 238
163 238
163 238
163 238
163 238
163 238
163 238
163 238
163 238
163 238
163 238
163 238
163 238
163 238
163 238
163 238
163 238
163 238
163 238
20 14254
202 63
202 63
202 63
202 63
202 63
202 63
202 63
202 63
202 63
202 63
202 63
202 63
202 63
202 63
202 63
202 63
202 63
202 63
202 63
202 63
84 75248
123 127
123 127
123 127
123 127
123 127
123 127
123 127
123 127
123 127
123 127
123 127
123 127
123 127
123 127
123 127
123 127
123 127
123 127
123 127
123 127
123 127
123 127
123 127
123 127
123 127
123 127
123 127
123 127
123 127
123 127
123 127
123 127
123 127
123 127
123 127
123 127
123 127
123 127
123 127
123 127
123 127
123 127
123 127
123 127
123 127
123 127
123 127
123 127
123 127
123 127
123 127
123 127
123 127
123 127
123 127
123 127
123 127
123 127
123 127
123 127
123 127
123 127
123 127
123 127
123 127
123 127
123 127
123 127
123 127
123 127
123 127
123 127
123 127
123 127
123 127
123 127
123 127
123 127
123 127
123 127
123 127
123 127
123 127
123 127
56 69183
159 186
159 186
159 186
159 186
159 186
159 186
159 186
159 186
159 186
159 186
159 186
159 186
159 186
159 186
159 186
159 186
159 186
159 186
159 186
159 186
159 186
159 186
159 186
159 186
159 186
159 186
159 186
159 186
159 186
159 186
159 186
159 186
159 186
159 186
159 186
159 186
159 186
159 186
159 186
159 186
159 186
159 186
159 186
159 186
159 186
159 186
159 186
159 186
159 186
159 186
159 186
159 186
159 186
159 186
159 186
159 186
80 38840
61 68
61 68
61 68
61 68
61 68
61 68
61 68
61 68
61 68
61 68
61 68
61 68
61 68
61 68
61 68
61 68
61 68
61 68
61 68
61 68
61 68
61 68
61 68
61 68
61 68
61 68
61 68
61 68
61 68
61 68
61 68
61 68
61 68
61 68
61 68
61 68
61 68
61 68
61 68
61 68
61 68
61 68
61 68
61 68
61 68
61 68
61 68
61 68
61 68
61 68
61 68
61 68
61 68
61 68
61 68
61 68
61 68
61 68
61 68
61 68
61 68
61 68
61 68
61 68
61 68
61 68
61 68
61 68
61 68
61 68
61 68
61 68
61 68
61 68
61 68
61 68
61 68
61 68
61 68
61 68
79 14573
1 49
1 49
1 49
1 49
1 49
1 49
1 49
1 49
1 49
1 49
1 49
1 49
1 49
1 49
1 49
1 49
1 49
1 49
1 49
1 49
1 49
1 49
1 49
1 49
1 49
1 49
1 49
1 49
1 49
1 49
1 49
1 49
1 49
1 49
1 49
1 49
1 49
1 49
1 49
1 49
1 49
1 49
1 49
1 49
1 49
1 49
1 49
1 49
1 49
1 49
1 49
1 49
1 49
1 49
1 49
1 49
1 49
1 49
1 49
1 49
1 49
1 49
1 49
1 49
1 49
1 49
1 49
1 49
1 49
1 49
1 49
1 49
1 49
1 49
1 49
1 49
1 49
1 49
1 49
52 23404
2 129
2 129
2 129
2 129
2 129
2 129
2 129
2 129
2 129
2 129
2 129
2 129
2 129
2 129
2 129
2 129
2 129
2 129
2 129
2 129
2 129
2 129
2 129
2 129
2 129
2 129
2 129
2 129
2 129
2 129
2 129
2 129
2 129
2 129
2 129
2 129
2 129
2 129
2 129
2 129
2 129
2 129
2 129
2 129
2 129
2 129
2 129
2 129
2 129
2 129
2 129
2 129
40 46386
180 173
180 173
180 173
180 173
180 173
180 173
180 173
180 173
180 173
180 173
180 173
180 173
180 173
180 173
180 173
180 173
180 173
180 173
180 173
180 173
180 173
180 173
180 173
180 173
180 173
180 173
180 173
180 173
180 173
180 173
180 173
180 173
180 173
180 173
180 173
180 173
180 173
180 173
180 173
180 173
12 8778
89 168
89 168
89 168
89 168
89 168
89 168
89 168
89 168
89 168
89 168
89 168
89 168
76 68344
19 224
19 224
19 224
19 224
19 224
19 224
19 224
19 224
19 224
19 224
19 224
19 224
19 224
19 224
19 224
19 224
19 224
19 224
19 224
19 224
19 224
19 224
19 224
19 224
19 224
19 224
19 224
19 224
19 224
19 224
19 224
19 224
19 224
19 224
19 224
19 224
19 224
19 224
19 224
19 224
19 224
19 224
19 224
19 224
19 224
19 224
19 224
19 224
19 224
19 224
19 224
19 224
19 224
19 224
19 224
19 224
19 224
19 224
19 224
19 224
19 224
19 224
19 224
19 224
19 224
19 224
19 224
19 224
19 224
19 224
19 224
19 224
19 224
19 224
19 224
19 224
43 29023
67 146
67 146
67 146
67 146
67 146
67 146
67 146
67 146
67 146
67 146
67 146
67 146
67 146
67 146
67 146
67 146
67 146
67 146
67 146
67 146
67 146
67 146
67 146
67 146
67 146
67 146
67 146
67 146
67 146
67 146
67 146
67 146
67 146
67 146
67 146
67 146
67 146
67 146
67 146
67 146
67 146
67 146
67 146
36 27274
231 101
231 101
231 101
231 101
231 101
231 101
231 101
231 101
231 101
231 101
231 101
231 101
231 101
231 101
231 101
231 101
231 101
231 101
231 101
231 101
231 101
231 101
231 101
231 101
231 101
231 101
231 101
231 101
231 101
231 101
231 101
231 101
231 101
231 101
231 101
231 101
59 86475
247 144
247 144
247 144
247 144
247 144
247 144
247 144
247 144
247 144
247 144
247 144
247 144
247 144
247 144
247 144
247 144
247 144
247 144
247 144
247 144
247 144
247 144
247 144
247 144
247 144
247 144
247 144
247 144
247 144
247 144
247 144
247 144
247 144
247 144
247 144
247 144
247 144
247 144
247 144
247 144
247 144
247 144
247 144
247 144
247 144
247 144
247 144
247 144
247 144
247 144
247 144
247 144
247 144
247 144
247 144
247 144
247 144
247 144
247 144
86 113870
193 181
193 181
193 181
193 181
193 181
193 181
193 181
193 181
193 181
193 181
193 181
193 181
193 181
193 181
193 181
193 181
193 181
193 181
193 181
193 181
193 181
193 181
193 181
193 181
193 181
193 181
193 181
193 181
193 181
193 181
193 181
193 181
193 181
193 181
193 181
193 181
193 181
193 181
193 181
193 181
193 181
193 181
193 181
193 181
193 181
193 181
193 181
193 181
193 181
193 181
193 181
193 181
193 181
193 181
193 181
193 181
193 181
193 181
193 181
193 181
193 181
193 181
193 181
193 181
193 181
193 181
193 181
193 181
193 181
193 181
193 181
193 181
193 181
193 181
193 181
193 181
193 181
193 181
193 181
193 181
193 181
193 181
193 181
193 181
193 181
193 181
79 90613
92 207
92 207
92 207
92 207
92 207
92 207
92 207
92 207
92 207
92 207
92 207
92 207
92 207
92 207
92 207
92 207
92 207
92 207
92 207
92 207
92 207
92 207
92 207
92 207
92 207
92 207
92 207
92 207
92 207
92 207
92 207
92 207
92 207
92 207
92 207
92 207
92 207
92 207
92 207
92 207
92 207
92 207
92 207
92 207
92 207
92 207
92 207
92 207
92 207
92 207
92 207
92 207
92 207
92 207
92 207
92 207
92 207
92 207
92 207
92 207
92 207
92 207
92 207
92 207
92 207
92 207
92 207
92 207
92 207
92 207
92 207
92 207
92 207
92 207
92 207
92 207
92 207
92 207
92 207
32 11612
59 78
59 78
59 78
59 78
59 78
59 78
59 78
59 78
59 78
59 78
59 78
59 78
59 78
59 78
59 78
59 78
59 78
59 78
59 78
59 78
59 78
59 78
59 78
59 78
59 78
59 78
59 78
59 78
59 78
59 78
59 78
59 78
79 66828
207 168
207 168
207 168
207 168
207 168
207 168
207 168
207 168
207 168
207 168
207 168
207 168
207 168
207 168
207 168
207 168
207 168
207 168
207 168
207 168
207 168
207 168
207 168
207 168
207 168
207 168
207 168
207 168
207 168
207 168
207 168
207 168
207 168
207 168
207 168
207 168
207 168
207 168
207 168
207 168
207 168
207 168
207 168
207 168
207 168
207 168
207 168
207 168
207 168
207 168
207 168
207 168
207 168
207 168
207 168
207 168
207 168
207 168
207 168
207 168
207 168
207 168
207 168
207 168
207 168
207 168
207 168
207 168
207 168
207 168
207 168
207 168
207 168
207 168
207 168
207 168
207 168
207 168
207 168
9 9575
121 153
121 153
121 153
121 153
121 153
121 153
121 153
121 153
121 153
51 28932
196 49
196 49
196 49
196 49
196 49
196 49
196 49
196 49
196 49
196 49
196 49
196 49
196 49
196 49
196 49
196 49
196 49
196 49
196 49
196 49
196 49
196 49
196 49
196 49
196 49
196 49
196 49
196 49
196 49
196 49
196 49
196 49
196 49
196 49
196 49
196 49
196 49
196 49
196 49
196 49
196 49
196 49
196 49
196 49
196 49
196 49
196 49
196 49
196 49
196 49
196 49
6 1289
59 22
59 22
59 22
59 22
59 22
59 22
64 72671
228 135
228 135
228 135
228 135
228 135
228 135
228 135
228 135
228 135
228 135
228 135
228 135
228 135
228 135
228 135
228 135
228 135
228 135
228 135
228 135
228 135
228 135
228 135
228 135
228 135
228 135
228 135
228 135
228 135
228 135
228 135
228 135
228 135
228 135
228 135
228 135
228 135
228 135
228 135
228 135
228 135
228 135
228 135
228 135
228 135
228 135
228 135
228 135
228 135
228 135
228 135
228 135
228 135
228 135
228 135
228 135
228 135
228 135
228 135
228 135
228 135
228 135
228 135
228 135
61 53015
22 200
22 200
22 200
22 200
22 200
22 200
22 200
22 200
22 200
22 200
22 200
22 200
22 200
22 200
22 200
22 200
22 200
22 200
22 200
22 200
22 200
22 200
22 200
22 200
22 200
22 200
22 200
22 200
22 200
22 200
22 200
22 200
22 200
22 200
22 200
22 200
22 200
22 200
22 200
22 200
22 200
22 200
22 200
22 200
22 200
22 200
22 200
22 200
22 200
22 200
22 200
22 200
22 200
22 200
22 200
22 200
22 200
22 200
22 200
22 200
22 200
30 30292
201 231
201 231
201 231
201 231
201 231
201 231
201 231
201 231
201 231
201 231
201 231
201 231
201 231
201 231
201 231
201 231
201 231
201 231
201 231
201 231
201 231
201 231
201 231
201 231
201 231
201 231
201 231
201 231
201 231
201 231
91 101611
225 80
225 80
225 80
225 80
225 80
225 80
225 80
225 80
225 80
225 80
225 80
225 80
225 80
225 80
225 80
225 80
225 80
225 80
225 80
225 80
225 80
225 80
225 80
225 80
225 80
225 80
225 80
225 80
225 80
225 80
225 80
225 80
225 80
225 80
225 80
225 80
225 80
225 80
225 80
225 80
225 80
225 80
225 80
225 80
225 80
225 80
225 80
225 80
225 80
225 80
225 80
225 80
225 80
225 80
225 80
225 80
225 80
225 80
225 80
225 80
225 80
225 80
225 80
225 80
225 80
225 80
225 80
225 80
225 80
225 80
225 80
225 80
225 80
225 80
225 80
225 80
225 80
225 80
225 80
225 80
225 80
225 80
225 80
225 80
225 80
225 80
225 80
225 80
225 80
225 80
225 80
29 4625
16 46
16 46
16 46
16 46
16 46
16 46
16 46
16 46
16 46
16 46
16 46
16 46
16 46
16 46
16 46
16 46
16 46
16 46
16 46
16 46
16 46
16 46
16 46
16 46
16 46
16 46
16 46
16 46
16 46
58 29983
115 22
115 22
115 22
115 22
115 22
115 22
115 22
115 22
115 22
115 22
115 22
115 22
115 22
115 22
115 22
115 22
115 22
115 22
115 22
115 22
115 22
115 22
115 22
115 22
115 22
115 22
115 22
115 22
115 22
115 22
115 22
115 22
115 22
115 22
115 22
115 22
115 22
115 22
115 22
115 22
115 22
115 22
115 22
115 22
115 22
115 22
115 22
115 22
115 22
115 22
115 22
115 22
115 22
115 22
115 22
115 22
115 22
115 22
33 26256
55 186
55 186
55 186
55 186
55 186
55 186
55 186
55 186
55 186
55 186
55 186
55 186
55 186
55 186
55 186
55 186
55 186
55 186
55 186
55 186
55 186
55 186
55 186
55 186
55 186
55 186
55 186
55 186
55 186
55 186
55 186
55 186
55 186
8 3266
10 156
10 156
10 156
10 156
10 156
10 156
10 156
10 156
41 25519
89 171
89 171
89 171
89 171
89 171
89 171
89 171
89 171
89 171
89 171
89 171
89 171
89 171
89 171
89 171
89 171
89 171
89 171
89 171
89 171
89 171
89 171
89 171
89 171
89 171
89 171
89 171
89 171
89 171
89 171
89 171
89 171
89 171
89 171
89 171
89 171
89 171
89 171
89 171
89 171
89 171
57 69953
174 243
174 243
174 243
174 243
174 243
174 243
174 243
174 243
174 243
174 243
174 243
174 243
174 243
174 243
174 243
174 243
174 243
174 243
174 243
174 243
174 243
174 243
174 243
174 243
174 243
174 243
174 243
174 243
174 243
174 243
174 243
174 243
174 243
174 243
174 243
174 243
174 243
174 243
174 243
174 243
174 243
174 243
174 243
174 243
174 243
174 243
174 243
174 243
174 243
174 243
174 243
174 243
174 243
174 243
174 243
174 243
174 243
48 30213
41 131
41 131
41 131
41 131
41 131
41 131
41 131
41 131
41 131
41 131
41 131
41 131
41 131
41 131
41 131
41 131
41 131
41 131
41 131
41 131
41 131
41 131
41 131
41 131
41 131
41 131
41 131
41 131
41 131
41 131
41 131
41 131
41 131
41 131
41 131
41 131
41 131
41 131
41 131
41 131
41 131
41 131
41 131
41 131
41 131
41 131
41 131
41 131
63 57774
158 188
158 188
158 188
158 188
158 188
158 188
158 188
158 188
158 188
158 188
158 188
158 188
158 188
158 188
158 188
158 188
158 188
158 188
158 188
158 188
158 188
158 188
158 188
158 188
158 188
158 188
158 188
158 188
158 188
158 188
158 188
158 188
158 188
158 188
158 188
158 188
158 188
158 188
158 188
158 188
158 188
158 188
158 188
158 188
158 188
158 188
158 188
158 188
158 188
158 188
158 188
158 188
158 188
158 188
158 188
158 188
158 188
158 188
158 188
158 188
158 188
158 188
158 188
66 20802
12 138
12 138
12 138
12 138
12 138
12 138
12 138
12 138
12 138
12 138
12 138
12 138
12 138
12 138
12 138
12 138
12 138
12 138
12 138
12 138
12 138
12 138
12 138
12 138
12 138
12 138
12 138
12 138
12 138
12 138
12 138
12 138
12 138
12 138
12 138
12 138
12 138
12 138
12 138
12 138
12 138
12 138
12 138
12 138
12 138
12 138
12 138
12 138
12 138
12 138
12 138
12 138
12 138
12 138
12 138
12 138
12 138
12 138
12 138
12 138
12 138
12 138
12 138
12 138
12 138
12 138
73 58039
208 166
208 166
208 166
208 166
208 166
208 166
208 166
208 166
208 166
208 166
208 166
208 166
208 166
208 166
208 166
208 166
208 166
208 166
208 166
208 166
208 166
208 166
208 166
208 166
208 166
208 166
208 166
208 166
208 166
208 166
208 166
208 166
208 166
208 166
208 166
208 166
208 166
208 166
208 166
208 166
208 166
208 166
208 166
208 166
208 166
208 166
208 166
208 166
208 166
208 166
208 166
208 166
208 166
208 166
208 166
208 166
208 166
208 166
208 166
208 166
208 166
208 166
208 166
208 166
208 166
208 166
208 166
208 166
208 166
208 166
208 166
208 166
208 166
19 10567
182 50
182 50
182 50
182 50
182 50
182 50
182 50
182 50
182 50
182 50
182 50
182 50
182 50
182 50
182 50
182 50
182 50
182 50
182 50
15 7874
51 83
51 83
51 83
51 83
51 83
51 83
51 83
51 83
51 83
51 83
51 83
51 83
51 83
51 83
51 83
56 62625
248 35
248 35
248 35
248 35
248 35
248 35
248 35
248 35
248 35
248 35
248 35
248 35
248 35
248 35
248 35
248 35
248 35
248 35
248 35
248 35
248 35
248 35
248 35
248 35
248 35
248 35
248 35
248 35
248 35
248 35
248 35
248 35
248 35
248 35
248 35
248 35
248 35
248 35
248 35
248 35
248 35
248 35
248 35
248 35
248 35
248 35
248 35
248 35
248 35
248 35
248 35
248 35
248 35
248 35
248 35
248 35
97 108234
247 85
247 85
247 85
247 85
247 85
247 85
247 85
247 85
247 85
247 85
247 85
247 85
247 85
247 85
247 85
247 85
247 85
247 85
247 85
247 85
247 85
247 85
247 85
247 85
247 85
247 85
247 85
247 85
247 85
247 85
247 85
247 85
247 85
247 85
247 85
247 85
247 85
247 85
247 85
247 85
247 85
247 85
247 85
247 85
247 85
247 85
247 85
247 85
247 85
247 85
247 85
247 85
247 85
247 85
247 85
247 85
247 85
247 85
247 85
247 85
247 85
247 85
247 85
247 85
247 85
247 85
247 85
247 85
247 85
247 85
247 85
247 85
247 85
247 85
247 85
247 85
247 85
247 85
247 85
247 85
247 85
247 85
247 85
247 85
247 85
247 85
247 85
247 85
247 85
247 85
247 85
247 85
247 85
247 85
247 85
247 85
247 85
97 27090
59 39
59 39
59 39
59 39
59 39
59 39
59 39
59 39
59 39
59 39
59 39
59 39
59 39
59 39
59 39
59 39
59 39
59 39
59 39
59 39
59 39
59 39
59 39
59 39
59 39
59 39
59 39
59 39
59 39
59 39
59 39
59 39
59 39
59 39
59 39
59 39
59 39
59 39
59 39
59 39
59 39
59 39
59 39
59 39
59 39
59 39
59 39
59 39
59 39
59 39
59 39
59 39
59 39
59 39
59 39
59 39
59 39
59 39
59 39
59 39
59 39
59 39
59 39
59 39
59 39
59 39
59 39
59 39
59 39
59 39
59 39
59 39
59 39
59 39
59 39
59 39
59 39
59 39
59 39
59 39
59 39
59 39
59 39
59 39
59 39
59 39
59 39
59 39
59 39
59 39
59 39
59 39
59 39
59 39
59 39
59 39
59 39
90 132824
233 223
233 223
233 223
233 223
233 223
233 223
233 223
233 223
233 223
233 223
233 223
233 223
233 223
233 223
233 223
233 223
233 223
233 223
233 223
233 223
233 223
233 223
233 223
233 223
233 223
233 223
233 223
233 223
233 223
233 223
233 223
233 223
233 223
233 223
233 223
233 223
233 223
233 223
233 223
233 223
233 223
233 223
233 223
233 223
233 223
233 223
233 223
233 223
233 223
233 223
233 223
233 223
233 223
233 223
233 223
233 223
233 223
233 223
233 223
233 223
233 223
233 223
233 223
233 223
233 223
233 223
233 223
233 223
233 223
233 223
233 223
233 223
233 223
233 223
233 223
233 223
233 223
233 223
233 223
233 223
233 223
233 223
233 223
233 223
233 223
233 223
233 223
233 223
233 223
233 223
33 39631
242 248
242 248
242 248
242 248
242 248
242 248
242 248
242 248
242 248
242 248
242 248
242 248
242 248
242 248
242 248
242 248
242 248
242 248
242 248
242 248
242 248
242 248
242 248
242 248
242 248
242 248
242 248
242 248
242 248
242 248
242 248
242 248
242 248
100 71727
238 45
238 45
238 45
238 45
238 45
238 45
238 45
238 45
238 45
238 45
238 45
238 45
238 45
238 45
238 45
238 45
238 45
238 45
238 45
238 45
238 45
238 45
238 45
238 45
238 45
238 45
238 45
238 45
238 45
238 45
238 45
238 45
238 45
238 45
238 45
238 45
238 45
238 45
238 45
238 45
238 45
238 45
238 45
238 45
238 45
238 45
238 45
238 45
238 45
238 45
238 45
238 45
238 45
238 45
238 45
238 45
238 45
238 45
238 45
238 45
238 45
238 45
238 45
238 45
238 45
238 45
238 45
238 45
238 45
238 45
238 45
238 45
238 45
238 45
238 45
238 45
238 45
238 45
238 45
238 45
238 45
238 45
238 45
238 45
238 45
238 45
238 45
238 45
238 45
238 45
238 45
238 45
238 45
238 45
238 45
238 45
238 45
238 45
238 45
238 45
94 81652
147 87
147 87
147 87
147 87
147 87
147 87
147 87
147 87
147 87
147 87
147 87
147 87
147 87
147 87
147 87
147 87
147 87
147 87
147 87
147 87
147 87
147 87
147 87
147 87
147 87
147 87
147 87
147 87
147 87
147 87
147 87
147 87
147 87
147 87
147 87
147 87
147 87
147 87
147 87
147 87
147 87
147 87
147 87
147 87
147 87
147 87
147 87
147 87
147 87
147 87
147 87
147 87
147 87
147 87
147 87
147 87
147 87
147 87
147 87
147 87
147 87
147 87
147 87
147 87
147 87
147 87
147 87
147 87
147 87
147 87
147 87
147 87
147 87
147 87
147 87
147 87
147 87
147 87
147 87
147 87
147 87
147 87
147 87
147 87
147 87
147 87
147 87
147 87
147 87
147 87
147 87
147 87
147 87
147 87
47 48256
249 34
249 34
249 34
249 34
249 34
249 34
249 34
249 34
249 34
249 34
249 34
249 34
249 34
249 34
249 34
249 34
249 34
249 34
249 34
249 34
249 34
249 34
249 34
249 34
249 34
249 34
249 34
249 34
249 34
249 34
249 34
249 34
249 34
249 34
249 34
249 34
249 34
249 34
249 34
249 34
249 34
249 34
249 34
249 34
249 34
249 34
249 34
23 20019
201 65
201 65
201 65
201 65
201 65
201 65
201 65
201 65
201 65
201 65
201 65
201 65
201 65
201 65
201 65
201 65
201 65
201 65
201 65
201 65
201 65
201 65
201 65
7 8654
179 147
179 147
179 147
179 147
179 147
179 147
179 147
8 4553
25 224
25 224
25 224
25 224
25 224
25 224
25 224
25 224
81 51517
161 8
161 8
161 8
161 8
161 8
161 8
161 8
161 8
161 8
161 8
161 8
161 8
161 8
161 8
161 8
161 8
161 8
161 8
161 8
161 8
161 8
161 8
161 8
161 8
161 8
161 8
161 8
161 8
161 8
161 8
161 8
161 8
161 8
161 8
161 8
161 8
161 8
161 8
161 8
161 8
161 8
161 8
161 8
161 8
161 8
161 8
161 8
161 8
161 8
161 8
161 8
161 8
161 8
161 8
161 8
161 8
161 8
161 8
161 8
161 8
161 8
161 8
161 8
161 8
161 8
161 8
161 8
161 8
161 8
161 8
161 8
161 8
161 8
161 8
161 8
161 8
161 8
161 8
161 8
161 8
161 8
91 27207
14 116
14 116
14 116
14 116
14 116
14 116
14 116
14 116
14 116
14 116
14 116
14 116
14 116
14 116
14 116
14 116
14 116
14 116
14 116
14 116
14 116
14 116
14 116
14 116
14 116
14 116
14 116
14 116
14 116
14 116
14 116
14 116
14 116
14 116
14 116
14 116
14 116
14 116
14 116
14 116
14 116
14 116
14 116
14 116
14 116
14 116
14 116
14 116
14 116
14 116
14 116
14 116
14 116
14 116
14 116
14 116
14 116
14 116
14 116
14 116
14 116
14 116
14 116
14 116
14 116
14 116
14 116
14 116
14 116
14 116
14 116
14 116
14 116
14 116
14 116
14 116
14 116
14 116
14 116
14 116
14 116
14 116
14 116
14 116
14 116
14 116
14 116
14 116
14 116
14 116
14 116
50 62577
239 108
239 108
239 108
239 108
239 108
239 108
239 108
239 108
239 108
239 108
239 108
239 108
239 108
239 108
239 108
239 108
239 108
239 108
239 108
239 108
239 108
239 108
239 108
239 108
239 108
239 108
239 108
239 108
239 108
239 108
239 108
239 108
239 108
239 108
239 108
239 108
239 108
239 108
239 108
239 108
239 108
239 108
239 108
239 108
239 108
239 108
239 108
239 108
239 108
239 108
76 67464
202 93
202 93
202 93
202 93
202 93
202 93
202 93
202 93
202 93
202 93
202 93
202 93
202 93
202 93
202 93
202 93
202 93
202 93
202 93
202 93
202 93
202 93
202 93
202 93
202 93
202 93
202 93
202 93
202 93
202 93
202 93
202 93
202 93
202 93
202 93
202 93
202 93
202 93
202 93
202 93
202 93
202 93
202 93
202 93
202 93
202 93
202 93
202 93
202 93
202 93
202 93
202 93
202 93
202 93
202 93
202 93
202 93
202 93
202 93
202 93
202 93
202 93
202 93
202 93
202 93
202 93
202 93
202 93
202 93
202 93
202 93
202 93
202 93
202 93
202 93
202 93
99 71141
156 91
156 91
156 91
156 91
156 91
156 91
156 91
156 91
156 91
156 91
156 91
156 91
156 91
156 91
156 91
156 91
156 91
156 91
156 91
156 91
156 91
156 91
156 91
156 91
156 91
156 91
156 91
156 91
156 91
156 91
156 91
156 91
156 91
156 91
156 91
156 91
156 91
156 91
156 91
156 91
156 91
156 91
156 91
156 91
156 91
156 91
156 91
156 91
156 91
156 91
156 91
156 91
156 91
156 91
156 91
156 91
156 91
156 91
156 91
156 91
156 91
156 91
156 91
156 91
156 91
156 91
156 91
156 91
156 91
156 91
156 91
156 91
156 91
156 91
156 91
156 91
156 91
156 91
156 91
156 91
156 91
156 91
156 91
156 91
156 91
156 91
156 91
156 91
156 91
156 91
156 91
156 91
156 91
156 91
156 91
156 91
156 91
156 91
156 91
14 19803
144 216
144 216
144 216
144 216
144 216
144 216
144 216
144 216
144 216
144 216
144 216
144 216
144 216
144 216
49 41501
82 143
82 143
82 143
82 143
82 143
82 143
82 143
82 143
82 143
82 143
82 143
82 143
82 143
82 143
82 143
82 143
82 143
82 143
82 143
82 143
82 143
82 143
82 143
82 143
82 143
82 143
82 143
82 143
82 143
82 143
82 143
82 143
82 143
82 143
82 143
82 143
82 143
82 143
82 143
82 143
82 143
82 143
82 143
82 143
82 143
82 143
82 143
82 143
82 143
3 919
90 39
90 39
90 39
75 70178
113 128
113 128
113 128
113 128
113 128
113 128
113 128
113 128
113 128
113 128
113 128
113 128
113 128
113 128
113 128
113 128
113 128
113 128
113 128
113 128
113 128
113 128
113 128
113 128
113 128
113 128
113 128
113 128
113 128
113 128
113 128
113 128
113 128
113 128
113 128
113 128
113 128
113 128
113 128
113 128
113 128
113 128
113 128
113 128
113 128
113 128
113 128
113 128
113 128
113 128
113 128
113 128
113 128
113 128
113 128
113 128
113 128
113 128
113 128
113 128
113 128
113 128
113 128
113 128
113 128
113 128
113 128
113 128
113 128
113 128
113 128
113 128
113 128
113 128
113 128
93 69157
178 193
178 193
178 193
178 193
178 193
178 193
178 193
178 193
178 193
178 193
178 193
178 193
178 193
178 193
178 193
178 193
178 193
178 193
178 193
178 193
178 193
178 193
178 193
178 193
178 193
178 193
178 193
178 193
178 193
178 193
178 193
178 193
178 193
178 193
178 193
178 193
178 193
178 193
178 193
178 193
178 193
178 193
178 193
178 193
178 193
178 193
178 193
178 193
178 193
178 193
178 193
178 193
178 193
178 193
178 193
178 193
178 193
178 193
178 193
178 193
178 193
178 193
178 193
178 193
178 193
178 193
178 193
178 193
178 193
178 193
178 193
178 193
178 193
178 193
178 193
178 193
178 193
178 193
178 193
178 193
178 193
178 193
178 193
178 193
178 193
178 193
178 193
178 193
178 193
178 193
178 193
178 193
178 193
99 43931
80 49
80 49
80 49
80 49
80 49
80 49
80 49
80 49
80 49
80 49
80 49
80 49
80 49
80 49
80 49
80 49
80 49
80 49
80 49
80 49
80 49
80 49
80 49
80 49
80 49
80 49
80 49
80 49
80 49
80 49
80 49
80 49
80 49
80 49
80 49
80 49
80 49
80 49
80 49
80 49
80 49
80 49
80 49
80 49
80 49
80 49
80 49
80 49
80 49
80 49
80 49
80 49
80 49
80 49
80 49
80 49
80 49
80 49
80 49
80 49
80 49
80 49
80 49
80 49
80 49
80 49
80 49
80 49
80 49
80 49
80 49
80 49
80 49
80 49
80 49
80 49
80 49
80 49
80 49
80 49
80 49
80 49
80 49
80 49
80 49
80 49
80 49
80 49
80 49
80 49
80 49
80 49
80 49
80 49
80 49
80 49
80 49
80 49
80 49
93 32001
70 97
70 97
70 97
70 97
70 97
70 97
70 97
70 97
70 97
70 97
70 97
70 97
70 97
70 97
70 97
70 97
70 97
70 97
70 97
70 97
70 97
70 97
70 97
70 97
70 97
70 97
70 97
70 97
70 97
70 97
70 97
70 97
70 97
70 97
70 97
70 97
70 97
70 97
70 97
70 97
70 97
70 97
70 97
70 97
70 97
70 97
70 97
70 97
70 97
70 97
70 97
70 97
70 97
70 97
70 97
70 97
70 97
70 97
70 97
70 97
70 97
70 97
70 97
70 97
70 97
70 97
70 97
70 97
70 97
70 97
70 97
70 97
70 97
70 97
70 97
70 97
70 97
70 97
70 97
70 97
70 97
70 97
70 97
70 97
70 97
70 97
70 97
70 97
70 97
70 97
70 97
70 97
70 97
32 17909
92 49
92 49
92 49
92 49
92 49
92 49
92 49
92 49
92 49
92 49
92 49
92 49
92 49
92 49
92 49
92 49
92 49
92 49
92 49
92 49
92 49
92 49
92 49
92 49
92 49
92 49
92 49
92 49
92 49
92 49
92 49
92 49
81 85761
91 216
91 216
91 216
91 216
91 216
91 216
91 216
91 216
91 216
91 216
91 216
91 216
91 216
91 216
91 216
91 216
91 216
91 216
91 216
91 216
91 216
91 216
91 216
91 216
91 216
91 216
91 216
91 216
91 216
91 216
91 216
91 216
91 216
91 216
91 216
91 216
91 216
91 216
91 216
91 216
91 216
91 216
91 216
91 216
91 216
91 216
91 216
91 216
91 216
91 216
91 216
91 216
91 216
91 216
91 216
91 216
91 216
91 216
91 216
91 216
91 216
91 216
91 216
91 216
91 216
91 216
91 216
91 216
91 216
91 216
91 216
91 216
91 216
91 216
91 216
91 216
91 216
91 216
91 216
91 216
91 216
37 3649
37 4
37 4
37 4
37 4
37 4
37 4
37 4
37 4
37 4
37 4
37 4
37 4
37 4
37 4
37 4
37 4
37 4
37 4
37 4
37 4
37 4
37 4
37 4
37 4
37 4
37 4
37 4
37 4
37 4
37 4
37 4
37 4
37 4
37 4
37 4
37 4
37 4
45 55438
175 185
175 185
175 185
175 185
175 185
175 185
175 185
175 185
175 185
175 185
175 185
175 185
175 185
175 185
175 185
175 185
175 185
175 185
175 185
175 185
175 185
175 185
175 185
175 185
175 185
175 185
175 185
175 185
175 185
175 185
175 185
175 185
175 185
175 185
175 185
175 185
175 185
175 185
175 185
175 185
175 185
175 185
175 185
175 185
175 185
55 14440
40 73
40 73
40 73
40 73
40 73
40 73
40 73
40 73
40 73
40 73
40 73
40 73
40 73
40 73
40 73
40 73
40 73
40 73
40 73
40 73
40 73
40 73
40 73
40 73
40 73
40 73
40 73
40 73
40 73
40 73
40 73
40 73
40 73
40 73
40 73
40 73
40 73
40 73
40 73
40 73
40 73
40 73
40 73
40 73
40 73
40 73
40 73
40 73
40 73
40 73
40 73
40 73
40 73
40 73
40 73
1 831
162 105
76 93295
190 137
190 137
190 137
190 137
190 137
190 137
190 137
190 137
190 137
190 137
190 137
190 137
190 137
190 137
190 137
190 137
190 137
190 137
190 137
190 137
190 137
190 137
190 137
190 137
190 137
190 137
190 137
190 137
190 137
190 137
190 137
190 137
190 137
190 137
190 137
190 137
190 137
190 137
190 137
190 137
190 137
190 137
190 137
190 137
190 137
190 137
190 137
190 137
190 137
190 137
190 137
190 137
190 137
190 137
190 137
190 137
190 137
190 137
190 137
190 137
190 137
190 137
190 137
190 137
190 137
190 137
190 137
190 137
190 137
190 137
190 137
190 137
190 137
190 137
190 137
190 137
24 20858
193 133
193 133
193 133
193 133
193 133
193 133
193 133
193 133
193 133
193 133
193 133
193 133
193 133
193 133
193 133
193 133
193 133
193 133
193 133
193 133
193 133
193 133
193 133
193 133
8 3983
115 60
115 60
115 60
115 60
115 60
115 60
115 60
115 60
23 14794
103 194
103 194
103 194
103 194
103 194
103 194
103 194
103 194
103 194
103 194
103 194
103 194
103 194
103 194
103 194
103 194
103 194
103 194
103 194
103 194
103 194
103 194
103 194
89 70969
227 64
227 64
227 64
227 64
227 64
227 64
227 64
227 64
227 64
227 64
227 64
227 64
227 64
227 64
227 64
227 64
227 64
227 64
227 64
227 64
227 64
227 64
227 64
227 64
227 64
227 64
227 64
227 64
227 64
227 64
227 64
227 64
227 64
227 64
227 64
227 64
227 64
227 64
227 64
227 64
227 64
227 64
227 64
227 64
227 64
227 64
227 64
227 64
227 64
227 64
227 64
227 64
227 64
227 64
227 64
227 64
227 64
227 64
227 64
227 64
227 64
227 64
227 64
227 64
227 64
227 64
227 64
227 64
227 64
227 64
227 64
227 64
227 64
227 64
227 64
227 64
227 64
227 64
227 64
227 64
227 64
227 64
227 64
227 64
227 64
227 64
227 64
227 64
227 64
35 17023
60 178
60 178
60 178
60 178
60 178
60 178
60 178
60 178
60 178
60 178
60 178
60 178
60 178
60 178
60 178
60 178
60 178
60 178
60 178
60 178
60 178
60 178
60 178
60 178
60 178
60 178
60 178
60 178
60 178
60 178
60 178
60 178
60 178
60 178
60 178
4 2691
150 27
150 27
150 27
150 27
52 26486
65 90
65 90
65 90
65 90
65 90
65 90
65 90
65 90
65 90
65 90
65 90
65 90
65 90
65 90
65 90
65 90
65 90
65 90
65 90
65 90
65 90
65 90
65 90
65 90
65 90
65 90
65 90
65 90
65 90
65 90
65 90
65 90
65 90
65 90
65 90
65 90
65 90
65 90
65 90
65 90
65 90
65 90
65 90
65 90
65 90
65 90
65 90
65 90
65 90
65 90
65 90
65 90
5 5437
165 209
165 209
165 209
165 209
165 209
39 43333
65 217
65 217
65 217
65 217
65 217
65 217
65 217
65 217
65 217
65 217
65 217
65 217
65 217
65 217
65 217
65 217
65 217
65 217
65 217
65 217
65 217
65 217
65 217
65 217
65 217
65 217
65 217
65 217
65 217
65 217
65 217
65 217
65 217
65 217
65 217
65 217
65 217
65 217
65 217
63 70517
182 229
182 229
182 229
182 229
182 229
182 229
182 229
182 229
182 229
182 229
182 229
182 229
182 229
182 229
182 229
182 229
182 229
182 229
182 229
182 229
182 229
182 229
182 229
182 229
182 229
182 229
182 229
182 229
182 229
182 229
182 229
182 229
182 229
182 229
182 229
182 229
182 229
182 229
182 229
182 229
182 229
182 229
182 229
182 229
182 229
182 229
182 229
182 229
182 229
182 229
182 229
182 229
182 229
182 229
182 229
182 229
182 229
182 229
182 229
182 229
182 229
182 229
182 229
72 72704
176 140
176 140
176 140
176 140
176 140
176 140
176 140
176 140
176 140
176 140
176 140
176 140
176 140
176 140
176 140
176 140
176 140
176 140
176 140
176 140
176 140
176 140
176 140
176 140
176 140
176 140
176 140
176 140
176 140
176 140
176 140
176 140
176 140
176 140
176 140
176 140
176 140
176 140
176 140
176 140
176 140
176 140
176 140
176 140
176 140
176 140
176 140
176 140
176 140
176 140
176 140
176 140
176 140
176 140
176 140
176 140
176 140
176 140
176 140
176 140
176 140
176 140
176 140
176 140
176 140
176 140
176 140
176 140
176 140
176 140
176 140
176 140
31 44694
246 141
246 141
246 141
246 141
246 141
246 141
246 141
246 141
246 141
246 141
246 141
246 141
246 141
246 141
246 141
246 141
246 141
246 141
246 141
246 141
246 141
246 141
246 141
246 141
246 141
246 141
246 141
246 141
246 141
246 141
246 141
56 49095
247 55
247 55
247 55
247 55
247 55
247 55
247 55
247 55
247 55
247 55
247 55
247 55
247 55
247 55
247 55
247 55
247 55
247 55
247 55
247 55
247 55
247 55
247 55
247 55
247 55
247 55
247 55
247 55
247 55
247 55
247 55
247 55
247 55
247 55
247 55
247 55
247 55
247 55
247 55
247 55
247 55
247 55
247 55
247 55
247 55
247 55
247 55
247 55
247 55
247 55
247 55
247 55
247 55
247 55
247 55
247 55
65 35422
149 70
149 70
149 70
149 70
149 70
149 70
149 70
149 70
149 70
149 70
149 70
149 70
149 70
149 70
149 70
149 70
149 70
149 70
149 70
149 70
149 70
149 70
149 70
149 70
149 70
149 70
149 70
149 70
149 70
149 70
149 70
149 70
149 70
149 70
149 70
149 70
149 70
149 70
149 70
149 70
149 70
149 70
149 70
149 70
149 70
149 70
149 70
149 70
149 70
149 70
149 70
149 70
149 70
149 70
149 70
149 70
149 70
149 70
149 70
149 70
149 70
149 70
149 70
149 70
149 70
87 36665
69 39
69 39
69 39
69 39
69 39
69 39
69 39
69 39
69 39
69 39
69 39
69 39
69 39
69 39
69 39
69 39
69 39
69 39
69 39
69 39
69 39
69 39
69 39
69 39
69 39
69 39
69 39
69 39
69 39
69 39
69 39
69 39
69 39
69 39
69 39
69 39
69 39
69 39
69 39
69 39
69 39
69 39
69 39
69 39
69 39
69 39
69 39
69 39
69 39
69 39
69 39
69 39
69 39
69 39
69 39
69 39
69 39
69 39
69 39
69 39
69 39
69 39
69 39
69 39
69 39
69 39
69 39
69 39
69 39
69 39
69 39
69 39
69 39
69 39
69 39
69 39
69 39
69 39
69 39
69 39
69 39
69 39
69 39
69 39
69 39
69 39
69 39
57 91917
236 244
236 244
236 244
236 244
236 244
236 244
236 244
236 244
236 244
236 244
236 244
236 244
236 244
236 244
236 244
236 244
236 244
236 244
236 244
236 244
236 244
236 244
236 244
236 244
236 244
236 244
236 244
236 244
236 244
236 244
236 244
236 244
236 244
236 244
236 244
236 244
236 244
236 244
236 244
236 244
236 244
236 244
236 244
236 244
236 244
236 244
236 244
236 244
236 244
236 244
236 244
236 244
236 244
236 244
236 244
236 244
236 244
90 39012
126 21
126 21
126 21
126 21
126 21
126 21
126 21
126 21
126 21
126 21
126 21
126 21
126 21
126 21
126 21
126 21
126 21
126 21
126 21
126 21
126 21
126 21
126 21
126 21
126 21
126 21
126 21
126 21
126 21
126 21
126 21
126 21
126 21
126 21
126 21
126 21
126 21
126 21
126 21
126 21
126 21
126 21
126 21
126 21
126 21
126 21
126 21
126 21
126 21
126 21
126 21
126 21
126 21
126 21
126 21
126 21
126 21
126 21
126 21
126 21
126 21
126 21
126 21
126 21
126 21
126 21
126 21
126 21
126 21
126 21
126 21
126 21
126 21
126 21
126 21
126 21
126 21
126 21
126 21
126 21
126 21
126 21
126 21
126 21
126 21
126 21
126 21
126 21
126 21
126 21
98 67059
144 177
144 177
144 177
144 177
144 177
144 177
144 177
144 177
144 177
144 177
144 177
144 177
144 177
144 177
144 177
144 177
144 177
144 177
144 177
144 177
144 177
144 177
144 177
144 177
144 177
144 177
144 177
144 177
144 177
144 177
144 177
144 177
144 177
144 177
144 177
144 177
144 177
144 177
144 177
144 177
144 177
144 177
144 177
144 177
144 177
144 177
144 177
144 177
144 177
144 177
144 177
144 177
144 177
144 177
144 177
144 177
144 177
144 177
144 177
144 177
144 177
144 177
144 177
144 177
144 177
144 177
144 177
144 177
144 177
144 177
144 177
144 177
144 177
144 177
144 177
144 177
144 177
144 177
144 177
144 177
144 177
144 177
144 177
144 177
144 177
144 177
144 177
144 177
144 177
144 177
144 177
144 177
144 177
144 177
144 177
144 177
144 177
144 177
99 77844
202 91
202 91
202 91
202 91
202 91
202 91
202 91
202 91
202 91
202 91
202 91
202 91
202 91
202 91
202 91
202 91
202 91
202 91
202 91
202 91
202 91
202 91
202 91
202 91
202 91
202 91
202 91
202 91
202 91
202 91
202 91
202 91
202 91
202 91
202 91
202 91
202 91
202 91
202 91
202 91
202 91
202 91
202 91
202 91
202 91
202 91
202 91
202 91
202 91
202 91
202 91
202 91
202 91
202 91
202 91
202 91
202 91
202 91
202 91
202 91
202 91
202 91
202 91
202 91
202 91
202 91
202 91
202 91
202 91
202 91
202 91
202 91
202 91
202 91
202 91
202 91
202 91
202 91
202 91
202 91
202 91
202 91
202 91
202 91
202 91
202 91
202 91
202 91
202 91
202 91
202 91
202 91
202 91
202 91
202 91
202 91
202 91
202 91
202 91
64 55374
247 107
247 107
247 107
247 107
247 107
247 107
247 107
247 107
247 107
247 107
247 107
247 107
247 107
247 107
247 107
247 107
247 107
247 107
247 107
247 107
247 107
247 107
247 107
247 107
247 107
247 107
247 107
247 107
247 107
247 107
247 107
247 107
247 107
247 107
247 107
247 107
247 107
247 107
247 107
247 107
247 107
247 107
247 107
247 107
247 107
247 107
247 107
247 107
247 107
247 107
247 107
247 107
247 107
247 107
247 107
247 107
247 107
247 107
247 107
247 107
247 107
247 107
247 107
247 107
4 1796
126 20
126 20
126 20
126 20